1937676217 (19)
506056744 (17)
275411344 (17)
269592912 (17)
781905463 (16)
146502600 (16)
2095435826 (15)
313914558 (15)
2069919292 (14)
1951125302 (14)
1060205934 (14)
1025327972 (14)
663708977 (14)
443367984 (14)
122182382 (14)
1932468558 (13)
1921695733 (13)
1799768584 (13)
838242860 (13)
715993527 (13)
549172968 (13)
450168827 (13)
175693321 (13)
1848831303 (12)
1800330762 (12)
1765891306 (12)
1723798999 (12)
779046738 (12)
514682696 (12)
43571562 (12)
20646763 (12)
2080405260 (11)
1983685818 (11)
1815125785 (11)
1081047146 (11)
723696114 (11)
719628450 (11)
714175526 (11)
612714251 (11)
593711799 (11)
411530358 (11)
245676331 (11)
220396440 (11)
161681863 (11)
2041658558 (10)
1853168292 (10)
1564844027 (10)
1475700812 (10)
1385204001 (10)
897621292 (10)
724309504 (10)
567340854 (10)
559029931 (10)
557264186 (10)
67587153 (10)
32632976 (10)
2052847818 (9)
2021773915 (9)
1905959635 (9)
1654634771 (9)
1603952290 (9)
1561866933 (9)
1545755662 (9)
1504857626 (9)
1346997370 (9)
1334362928 (9)
1310374062 (9)
1122474643 (9)
1108650386 (9)
1106143517 (9)
1095242023 (9)
911635369 (9)
733437430 (9)
376023611 (9)
302730164 (9)
213434312 (9)
190448016 (9)
177185628 (9)
2141963230 (8)
2104011897 (8)
1958312690 (8)
1779826683 (8)
1687115528 (8)
1554580716 (8)
1483331058 (8)
1474538998 (8)
1474348720 (8)
1400953326 (8)
1241100296 (8)
1167061739 (8)
903448518 (8)
793227620 (8)
711339113 (8)
473595502 (8)
399278778 (8)
366098953 (8)
2128416424 (7)
1925571592 (7)
1688872045 (7)
1602326630 (7)
1492930470 (7)
1434067038 (7)
1148917473 (7)
877396336 (7)
580247478 (7)
478333306 (7)
385416528 (7)
362546996 (7)
313275400 (7)
267865764 (7)
253725106 (7)
253465066 (7)
193869308 (7)
164631312 (7)
151823624 (7)
45873081 (7)
2136853680 (6)
2073637809 (6)
2014250352 (6)
1794848383 (6)
1761032982 (6)
1708057041 (6)
1640236478 (6)
1588291274 (6)
1294931530 (6)
1226631269 (6)
1197547924 (6)
1148011180 (6)
1103291254 (6)
1028016729 (6)
998473538 (6)
964949154 (6)
957734441 (6)
687746128 (6)
624161693 (6)
541807535 (6)
529010010 (6)
433016222 (6)
374259564 (6)
210679054 (6)
78153090 (6)
4705990 (6)
2008301889 (5)
1962386260 (5)
1898466074 (5)
1869811326 (5)
1839243641 (5)
1763649480 (5)
1665925906 (5)
1642562152 (5)
1557690723 (5)
1413319798 (5)
1357547752 (5)
1297595082 (5)
1295284257 (5)
1260300424 (5)
1010740798 (5)
808893994 (5)
598366892 (5)
520643688 (5)
392084453 (5)
385391510 (5)
349921335 (5)
306722212 (5)
290500605 (5)
249558673 (5)
174890010 (5)
2119145227 (4)
2047013776 (4)
1983750632 (4)
1838161580 (4)
1730750224 (4)
1685991111 (4)
1599993100 (4)
1597870506 (4)
1361534028 (4)
1254201337 (4)
1246300234 (4)
1152660009 (4)
1134441702 (4)
1004910518 (4)
1003267968 (4)
945885424 (4)
857575988 (4)
578527070 (4)
572742616 (4)
545513160 (4)
506445168 (4)
488741545 (4)
467948710 (4)
413361164 (4)
270064859 (4)
237803786 (4)
174505657 (4)
2044585065 (3)
1886585696 (3)
1794312878 (3)
1615330032 (3)
1560565273 (3)
1499128560 (3)
1388137546 (3)
1271838326 (3)
1256061706 (3)
1006732778 (3)
883008976 (3)
776161658 (3)
447731047 (3)
293756916 (3)
47564338 (3)
2106822057 (2)
1802782465 (2)
1535389924 (2)
1349845926 (2)
1250344940 (2)
1093302836 (2)
914341766 (2)
810519772 (2)
708342378 (2)
603403856 (2)
547324974 (2)
529240145 (2)
465140633 (2)
431669339 (2)
174092261 (2)
21579776 (2)
2084695595 (1)
2036727426 (1)
1730964476 (1)
1613970973 (1)
1440614772 (1)
1378407207 (1)
1044800953 (1)
985364586 (1)
922032342 (1)
647779499 (1)
506126295 (1)
489246737 (1)
359534823 (1)
351102976 (1)
322543254 (1)
304231056 (1)
188076906 (1)
114968087 (1)
1882359345 (0)
1699518994 (0)
1698840532 (0)
1683743786 (0)
1607264910 (0)
1170300650 (0)
1155567285 (0)
1016846635 (0)
915160542 (0)
866616530 (0)
810254540 (0)
626150805 (0)
476120904 (0)
278960966 (0)
249320151 (0)
68428726 (0)
1981097790 (-1)
1954405903 (-1)
1704348918 (-1)
1681213914 (-1)
1626372634 (-1)
1600463824 (-1)
1595054066 (-1)
1584282137 (-1)
1493785655 (-1)
1341478262 (-1)
1252247115 (-1)
774760342 (-1)
687268970 (-1)
384621894 (-1)
2069400338 (-2)
2032842984 (-2)
1014363756 (-2)
654729499 (-2)
110474835 (-2)
1861899511 (-3)
1514332800 (-3)
1089528206 (-3)
789101859 (-3)
420696441 (-3)
291412511 (-3)
183506668 (-3)
2138202341 (-4)
1352050389 (-4)
607788346 (-4)
1616012156 (-5)
1065660684 (-5)
118592339 (-5)
1373935075 (-6)
1095694612 (-6)
