1397884068 (23)
1883559861 (22)
792370112 (22)
450556662 (22)
2066395489 (21)
2032893020 (21)
1925103148 (21)
1922769038 (21)
1909166400 (21)
1881957204 (21)
1863982888 (21)
1863923444 (21)
1838344862 (21)
1828351780 (21)
1796159416 (21)
1794949344 (21)
1773883158 (21)
1728754050 (21)
1709228056 (21)
1701694174 (21)
1696011684 (21)
1687627050 (21)
1603381789 (21)
1564832475 (21)
1498293688 (21)
1482818638 (21)
1475003654 (21)
1471739356 (21)
1471313272 (21)
1453790430 (21)
1412151089 (21)
1394078640 (21)
1370515716 (21)
1355696954 (21)
1335906880 (21)
1305797028 (21)
1282297964 (21)
1232515882 (21)
1222625350 (21)
1178714284 (21)
1172151628 (21)
1139568238 (21)
1136119610 (21)
1031141022 (21)
993886366 (21)
992197120 (21)
943099362 (21)
922660122 (21)
856909148 (21)
832533144 (21)
820642128 (21)
816618991 (21)
799195370 (21)
795534846 (21)
784508414 (21)
752664026 (21)
715094736 (21)
713473956 (21)
693159583 (21)
668957035 (21)
668779800 (21)
637994432 (21)
594426740 (21)
552806390 (21)
549371390 (21)
530199168 (21)
463364132 (21)
433694594 (21)
431683180 (21)
385482376 (21)
363863320 (21)
362661254 (21)
335606014 (21)
317916052 (21)
251297420 (21)
170713032 (21)
132125526 (21)
126239733 (21)
108954420 (21)
81035196 (21)