1178240648 (22)
2110439302 (21)
2032066934 (21)
1989912777 (21)
1989583042 (21)
1941611904 (21)
1913726699 (21)
1900039490 (21)
1861686906 (21)
1669558022 (21)
1527505272 (21)
1490023785 (21)
1200358340 (21)
1182800217 (21)
1145311308 (21)
1103883578 (21)
1037699888 (21)
920015674 (21)
873067200 (21)
789720149 (21)
764848448 (21)
676445186 (21)
641933048 (21)
607153800 (21)
592434868 (21)
483704089 (21)
463454406 (21)
454939088 (21)
444910590 (21)
421214336 (21)
380280190 (21)
331257090 (21)
323676385 (21)
214923712 (21)
204543550 (21)
5237285 (21)